60490
231900
37150
430
140
54060
230
30460
2070
1140
590
3310
1480
2910
300
110
710
1800
110
220
110
110
110
400
240
170
220
110
110
390
220
250
300
300
470
250
300
250
250
400
240
190
750
1010
460
460
580
600
480
780
980
990
980
310
990
1480
310
150
260
310
220
220
220
240
400
760
570
570
570
300
570
570
620
650
850
850
980
110
180
140
110
110
300
110
110
110
260
140
110
220
160
330
210
220
450
380
270
290
370
1530
110
740
290
260
330
250
240
460
470
650
700
1670
470
920
1480
470
820
470
300
600
770
710
490
900
980
110
1010
740
1180
1070
220
220
220
220
320
220
220
220
220
220
220
570
220
540
220
220
570
570
1060
1340
570
320
1450
730
530
550
1530
990
560
710
1300
230
200
250
720
1230
1910
1130
530
590
520
890
1040
470
890
260
470
1280
900
1420
470
470
1120
2010
1440
1960
980
460
600
1890
2170
2080
1660
290
1870
1690
110
490
1270
2780
580
1560
2790
890
2370
3360
580
1500
1350
1560
1280
980
1240
490
300
560
1590
2230
1260
1540
370
2700
2210
1370
120
1020
110
240
810
110
110
730
2350
3460
2580
970
1470
320
1560
2530
200
530
130
690
730
930
1310
250
110
1050
1820
1100
2500
1090
220
2870
410
1500
2260
